# Time-averaged data for fix ave_n
# TimeStep v_n_na_l v_n_cl_l v_n_na_r v_n_cl_r
5000 398 400 399 400
10000 397 398 399 400
15000 396 396 399 400
20000 397 397 399 400
25000 397 398 399 399
30000 396 396 398 398
35000 396 396 397 398
40000 396 396 398 398
45000 396 396 397 398
50000 396 395 397 398
55000 396 397 397 398
60000 396 396 397 398
65000 396 394 398 398
70000 394 394 398 398
75000 395 394 398 398
80000 395 394 397 398
85000 395 394 397 397
90000 394 394 397 397
95000 394 394 398 397
100000 394 394 398 398
105000 394 394 398 398
110000 394 394 397 398
115000 394 395 397 398
120000 394 395 398 398
125000 393 395 397 398
130000 393 395 396 399
135000 394 395 396 398
140000 393 394 396 399
145000 393 395 396 399
150000 394 394 396 399
155000 394 394 396 399
160000 394 395 396 399
165000 394 394 396 398
170000 393 393 395 398
175000 393 394 395 398
180000 393 391 395 399
185000 393 391 395 398
190000 393 388 398 398
195000 395 388 397 399
200000 395 388 397 399
205000 395 390 397 399
210000 395 389 397 399
215000 395 389 398 399
220000 393 390 396 399
225000 395 390 398 399
230000 395 389 398 399
235000 396 390 397 398
240000 396 390 397 399
245000 395 390 398 398
250000 395 390 398 398
255000 395 391 398 398
260000 394 390 398 398
265000 394 390 397 398
270000 393 390 397 398
275000 393 390 397 398
280000 394 390 397 398
285000 394 390 397 398
290000 394 390 396 397
295000 394 390 397 399
300000 394 390 397 399
305000 394 390 398 398
310000 395 390 398 398
315000 394 390 397 398
320000 394 390 397 398
325000 394 390 397 398
330000 394 390 397 398
335000 394 390 397 398
340000 395 389 397 398
345000 395 389 397 398
350000 394 389 396 398
355000 394 389 397 398
360000 395 389 397 398
365000 395 389 398 397
370000 395 389 397 397
375000 395 389 397 397
380000 395 388 397 397
385000 395 388 397 397
390000 393 389 398 397
395000 393 388 398 397
400000 393 388 397 397
405000 393 388 397 397
410000 393 388 397 397
415000 392 386 397 397
420000 393 388 397 397
425000 392 387 397 397
430000 392 386 397 397
435000 392 386 396 397
440000 392 386 396 397
445000 392 387 397 398
450000 392 387 397 398
455000 392 387 397 396
460000 392 387 397 397
465000 392 387 397 397
470000 392 387 397 397
475000 392 388 398 396
480000 392 388 398 396
485000 392 388 398 397
490000 392 388 398 397
495000 393 387 397 397
500000 392 387 396 397
505000 393 387 396 397
510000 393 387 398 397
515000 392 389 397 397
520000 392 389 397 397
525000 392 390 397 397
530000 392 390 396 397
535000 392 390 396 397
540000 392 388 397 397
545000 392 389 397 397
550000 392 388 397 398
555000 392 389 397 398
560000 392 388 397 398
565000 392 388 397 398
570000 392 389 397 398
575000 392 389 397 398
580000 392 389 397 398
585000 392 387 397 398
590000 392 389 396 398
595000 393 388 396 398
600000 393 388 396 398
605000 392 389 396 398
610000 392 388 396 398
615000 391 388 396 398
620000 392 387 395 396
625000 392 388 395 396
630000 391 387 395 396
635000 392 387 395 396
640000 392 387 395 396
645000 392 388 395 395
650000 392 388 394 396
655000 392 387 396 396
660000 392 386 395 396
665000 392 386 396 397
670000 392 387 396 395
675000 392 387 395 395
680000 392 387 396 396
685000 392 387 396 396
690000 392 386 396 396
695000 392 386 396 396
700000 392 386 396 396
705000 392 386 395 396
710000 392 386 395 396
715000 392 386 395 397
720000 392 386 395 397
725000 391 386 395 397
730000 391 386 395 397
735000 391 387 396 397
740000 391 387 395 397
745000 391 387 395 398
750000 391 386 395 397
755000 390 387 394 396
760000 391 386 394 398
765000 391 386 394 398
770000 391 387 394 397
775000 391 388 394 396
780000 391 388 395 397
785000 391 387 395 397
790000 391 386 394 396
795000 391 386 394 395
800000 391 387 394 395
805000 391 387 396 395
810000 392 387 395 395
815000 392 390 395 395
820000 392 388 396 395
825000 391 386 395 395
830000 392 387 395 395
835000 392 386 395 395
840000 392 387 395 395
845000 392 388 397 395
850000 392 386 395 396
855000 391 386 395 393
860000 391 386 394 395
865000 391 387 395 395
870000 391 386 395 395
875000 391 387 396 394
880000 391 386 396 395
885000 391 386 396 395
890000 392 386 397 394
895000 391 386 396 395
900000 391 385 396 397
905000 391 384 396 397
910000 390 386 397 397
915000 391 387 396 397
920000 391 386 398 397
925000 391 386 397 396
930000 391 386 397 397
935000 391 386 397 396
940000 391 386 398 397
945000 392 386 397 396
950000 392 385 397 396
955000 393 385 399 396
960000 392 385 397 396
965000 392 385 397 396
970000 391 385 397 396
975000 391 386 398 396
980000 392 385 398 396
985000 393 386 398 396
990000 392 385 397 396
995000 392 384 398 396
1000000 392 384 399 396
1005000 391 385 399 396
1010000 392 385 398 396
1015000 393 385 399 396
1020000 393 384 398 396
1025000 393 384 398 396
1030000 394 384 398 396
1035000 394 383 398 396
1040000 394 384 398 396
1045000 394 384 398 395
1050000 394 384 398 395
1055000 394 384 399 395
1060000 393 386 399 395
1065000 393 383 399 395
1070000 393 385 399 395
1075000 393 385 399 395
1080000 394 386 398 396
1085000 394 385 398 396
1090000 394 385 398 396
1095000 394 384 398 396
1100000 394 384 398 395
1105000 394 385 397 394
1110000 392 384 397 394
1115000 392 384 398 394
1120000 393 382 397 394
1125000 392 385 399 395
1130000 392 384 399 395
1135000 391 385 398 394
1140000 391 384 397 394
1145000 391 385 398 394
1150000 391 385 398 395
1155000 391 385 398 396
1160000 391 383 398 396
1165000 391 384 398 396
1170000 391 384 397 396
1175000 391 385 397 396
1180000 391 385 397 396
1185000 391 384 397 395
1190000 391 384 397 395
1195000 391 384 397 395
1200000 391 383 397 396
1205000 391 383 397 396
1210000 391 383 398 396
1215000 392 382 397 395
1220000 391 383 396 396
1225000 392 383 398 395
1230000 392 383 397 396
1235000 392 383 398 396
1240000 392 383 396 396
1245000 391 383 395 396
1250000 392 383 396 396
1255000 392 384 395 396
1260000 392 384 395 396
1265000 392 384 395 395
1270000 392 383 395 394
1275000 392 385 395 395
1280000 392 384 394 395
1285000 392 385 394 395
1290000 391 385 395 395
1295000 392 386 396 395
1300000 391 385 395 395
1305000 391 384 395 396
1310000 390 384 395 396
1315000 390 383 394 396
1320000 391 384 396 396
1325000 392 385 396 396
1330000 390 384 396 396
1335000 390 384 395 395
1340000 390 384 396 396
1345000 390 384 396 396
1350000 390 385 396 396
1355000 391 383 396 395
1360000 391 384 395 395
1365000 391 385 395 395
1370000 391 385 395 395
1375000 392 385 395 395
1380000 391 385 395 395
1385000 390 384 394 395
1390000 390 385 394 395
1395000 390 383 395 395
1400000 392 385 396 394
1405000 392 386 396 394
1410000 392 384 396 394
1415000 392 385 396 394
1420000 392 385 396 393
1425000 390 384 396 393
1430000 390 384 395 394
1435000 390 385 396 394
1440000 391 384 396 393
1445000 391 384 396 393
1450000 391 384 396 394
1455000 391 384 396 393
1460000 391 384 396 393
1465000 391 384 396 393
1470000 391 384 396 394
1475000 391 383 396 394
1480000 391 383 397 393
1485000 391 383 397 393
1490000 391 383 396 394
1495000 392 383 397 394
1500000 392 381 396 392
1505000 392 382 396 393
1510000 391 382 397 393
1515000 393 382 397 393
1520000 392 382 397 394
1525000 393 382 396 394
1530000 393 383 397 393
1535000 392 382 397 393
1540000 391 383 396 394
1545000 392 382 396 394
1550000 391 383 396 394
1555000 392 384 396 394
1560000 391 384 396 394
1565000 391 384 396 393
1570000 392 383 396 393
1575000 391 383 396 393
1580000 389 383 396 392
1585000 390 385 396 392
1590000 390 385 396 393
1595000 390 386 396 395
1600000 392 386 396 394
1605000 392 383 396 395
1610000 393 383 396 395
1615000 392 385 396 395
1620000 391 383 396 395
1625000 391 385 396 394
1630000 391 386 396 395
1635000 393 386 396 394
1640000 391 387 396 395
1645000 391 387 395 394
1650000 391 386 395 394
1655000 391 386 396 394
1660000 391 386 395 394
1665000 391 385 395 394
1670000 390 385 395 394
1675000 390 384 396 394
1680000 390 385 395 394
1685000 390 386 395 394
1690000 390 387 394 394
1695000 390 387 394 394
1700000 390 386 395 394
1705000 390 386 395 393
1710000 390 386 394 393
1715000 390 386 392 393
1720000 390 386 391 393
1725000 391 387 392 393
1730000 390 386 392 393
1735000 389 385 392 394
1740000 389 387 393 394
1745000 389 386 393 394
1750000 389 384 393 390
1755000 389 384 393 390
1760000 389 385 394 390
1765000 390 385 393 390
1770000 390 385 392 390
1775000 391 385 392 390
1780000 391 385 392 391
1785000 391 385 392 391
1790000 391 385 393 390
1795000 390 385 392 391
1800000 389 386 392 390
1805000 391 386 392 390
1810000 391 385 392 390
1815000 390 385 392 390
1820000 391 385 392 391
1825000 392 386 391 391
1830000 392 386 391 392
1835000 392 386 390 392
1840000 392 386 390 392
1845000 393 385 390 392
1850000 393 385 390 391
1855000 392 385 391 392
1860000 392 386 392 391
1865000 393 386 391 391
1870000 393 386 392 391
1875000 393 387 392 391
1880000 393 386 392 391
1885000 394 386 392 391
1890000 394 385 391 391
1895000 392 386 392 391
1900000 393 387 391 392
1905000 393 385 390 391
1910000 394 385 389 391
1915000 394 384 389 391
1920000 393 386 389 391
1925000 393 386 390 391
1930000 393 386 390 391
1935000 393 386 389 391
1940000 394 388 390 391
1945000 392 386 390 391
1950000 393 386 390 391
1955000 391 386 390 391
1960000 391 386 389 391
1965000 389 387 388 391
1970000 392 387 389 391
1975000 392 387 389 391
1980000 392 387 391 391
1985000 391 386 392 391
1990000 391 386 391 391
1995000 390 387 391 391
2000000 390 387 391 392
