# Time-averaged data for fix ave_n
# TimeStep v_n_na_l v_n_cl_l v_n_na_r v_n_cl_r
5000 400 398 400 400
10000 400 397 400 400
15000 400 398 399 399
20000 400 399 399 398
25000 399 399 398 399
30000 398 399 398 399
35000 398 398 399 399
40000 399 398 398 399
45000 398 397 398 399
50000 398 396 398 399
55000 398 397 398 399
60000 398 397 398 399
65000 399 396 398 399
70000 399 396 398 399
75000 399 397 399 400
80000 398 397 399 399
85000 397 397 399 400
90000 397 397 399 399
95000 397 396 399 399
100000 397 396 399 399
105000 397 396 399 399
110000 396 396 399 399
115000 396 396 399 399
120000 395 395 399 399
125000 396 395 399 399
130000 396 395 399 399
135000 395 396 399 399
140000 395 396 399 399
145000 393 395 399 399
150000 392 396 399 399
155000 393 396 398 399
160000 394 398 399 399
165000 395 398 399 399
170000 394 398 399 399
175000 394 396 399 398
180000 394 396 398 398
185000 394 396 398 398
190000 394 396 398 399
195000 394 396 398 398
200000 393 395 398 398
205000 393 397 398 398
210000 393 395 397 398
215000 392 394 397 398
220000 393 395 397 398
225000 393 394 397 398
230000 393 393 397 398
235000 392 394 397 398
240000 391 393 398 398
245000 393 393 397 398
250000 392 392 397 397
255000 392 391 396 396
260000 392 392 396 396
265000 392 392 396 396
270000 392 392 396 396
275000 392 392 396 396
280000 392 392 396 396
285000 392 393 396 396
290000 392 392 395 396
295000 392 392 395 396
300000 393 393 395 396
305000 393 393 395 396
310000 392 393 395 396
315000 391 394 395 396
320000 391 394 395 396
325000 392 394 395 396
330000 391 394 395 396
335000 391 393 395 396
340000 391 392 395 396
345000 391 393 395 396
350000 391 393 395 396
355000 392 393 395 396
360000 390 393 395 396
365000 390 393 395 396
370000 390 393 395 396
375000 391 393 395 396
380000 391 393 395 396
385000 389 392 395 396
390000 389 392 395 397
395000 391 392 394 396
400000 393 391 392 395
405000 391 392 394 396
410000 391 393 394 397
415000 390 392 394 396
420000 391 392 395 396
425000 391 392 394 396
430000 389 392 394 396
435000 391 391 394 396
440000 391 392 394 396
445000 391 392 394 396
450000 392 392 394 396
455000 393 392 394 396
460000 390 393 394 396
465000 390 392 394 396
470000 389 392 394 396
475000 390 391 394 395
480000 389 391 393 394
485000 391 392 393 395
490000 390 391 394 396
495000 391 389 394 394
500000 390 390 394 395
505000 391 389 394 395
510000 391 389 394 394
515000 392 389 395 394
520000 391 389 394 395
525000 392 390 394 395
530000 391 390 394 394
535000 391 390 393 393
540000 389 390 393 393
545000 389 390 393 395
550000 389 390 395 395
555000 390 391 393 394
560000 390 388 393 395
565000 390 389 395 393
570000 390 390 394 393
575000 390 388 395 393
580000 391 388 395 393
585000 391 389 394 393
590000 391 389 394 393
595000 391 390 394 393
600000 390 389 394 393
605000 390 389 394 394
610000 392 389 394 394
615000 392 389 394 393
620000 392 389 394 393
625000 391 390 394 393
630000 390 389 394 393
635000 390 390 394 392
640000 391 390 394 392
645000 391 390 394 393
650000 391 389 395 392
655000 391 390 395 391
660000 390 389 394 392
665000 390 390 392 392
670000 390 390 392 392
675000 391 390 392 392
680000 391 390 393 391
685000 390 389 393 392
690000 390 390 393 392
695000 390 390 392 391
700000 390 390 391 392
705000 389 391 391 393
710000 390 390 391 392
715000 391 389 391 391
720000 390 392 390 392
725000 390 391 392 393
730000 391 389 391 393
735000 391 391 391 393
740000 391 391 391 393
745000 389 392 390 393
750000 390 391 389 392
755000 388 391 390 393
760000 389 390 390 393
765000 389 391 390 393
770000 389 389 390 393
775000 389 389 390 393
780000 388 390 390 391
785000 389 389 390 391
790000 389 390 390 392
795000 389 390 390 392
800000 389 390 390 392
805000 388 389 390 391
810000 389 389 389 391
815000 389 389 390 392
820000 389 388 390 392
825000 389 389 390 393
830000 389 389 390 393
835000 389 388 390 392
840000 388 390 390 393
845000 388 390 390 393
850000 388 390 391 391
855000 388 390 391 392
860000 388 389 391 392
865000 388 389 391 392
870000 387 390 390 392
875000 388 389 389 392
880000 387 389 390 392
885000 388 389 390 392
890000 388 386 390 392
895000 388 387 390 392
900000 388 387 390 392
905000 388 386 390 392
910000 389 388 389 391
915000 389 387 389 392
920000 389 387 389 392
925000 389 387 389 391
930000 389 388 389 392
935000 390 389 389 391
940000 390 390 389 391
945000 389 391 389 391
950000 389 391 387 391
955000 389 390 387 392
960000 389 391 388 390
965000 388 392 388 390
970000 387 391 388 389
975000 388 389 389 389
980000 389 391 388 390
985000 390 390 388 390
990000 390 389 388 389
995000 390 391 389 388
1000000 391 389 389 388
1005000 390 389 389 387
1010000 391 390 389 389
1015000 389 390 389 388
1020000 389 389 389 388
1025000 389 388 388 388
1030000 390 388 388 388
1035000 389 389 388 388
1040000 389 389 388 388
1045000 389 389 388 388
1050000 389 388 388 388
1055000 389 389 388 389
1060000 389 388 388 389
1065000 389 387 388 389
1070000 390 386 388 389
1075000 389 387 388 389
1080000 389 388 388 389
1085000 390 388 388 389
1090000 390 388 388 389
1095000 392 388 388 390
1100000 391 387 388 390
1105000 390 388 387 390
1110000 391 387 388 390
1115000 388 387 388 390
1120000 390 387 388 389
1125000 389 387 388 389
1130000 389 387 388 389
1135000 389 387 388 388
1140000 389 387 388 388
1145000 389 388 388 388
1150000 388 388 388 388
1155000 388 387 389 389
1160000 389 387 390 389
1165000 389 386 390 389
1170000 388 386 390 389
1175000 390 386 390 389
1180000 391 387 390 388
1185000 390 386 390 388
1190000 391 387 391 387
1195000 391 386 391 387
1200000 389 385 391 389
1205000 389 385 391 389
1210000 389 386 391 389
1215000 388 386 390 388
1220000 389 386 389 388
1225000 389 386 388 388
1230000 390 386 389 388
1235000 392 386 389 388
1240000 391 387 389 388
1245000 391 387 389 388
1250000 391 387 389 388
1255000 390 387 389 388
1260000 391 387 389 389
1265000 392 386 389 388
1270000 392 386 389 389
1275000 391 386 389 389
1280000 390 386 389 388
1285000 389 386 389 388
1290000 389 386 389 388
1295000 390 386 389 388
1300000 390 385 389 388
1305000 391 385 389 387
1310000 391 384 389 388
1315000 389 384 389 388
1320000 390 383 389 388
1325000 389 383 389 388
1330000 390 383 390 387
1335000 390 383 390 388
1340000 391 383 390 388
1345000 392 383 390 388
1350000 390 384 390 388
1355000 390 385 390 388
1360000 390 385 390 387
1365000 390 384 391 387
1370000 390 384 391 387
1375000 390 384 391 388
1380000 391 384 391 388
1385000 390 384 391 388
1390000 390 384 391 388
1395000 390 383 391 388
1400000 390 384 389 389
1405000 390 384 390 389
1410000 388 385 390 389
1415000 388 384 390 389
1420000 387 384 389 389
1425000 387 384 389 389
1430000 387 384 389 389
1435000 386 384 389 389
1440000 388 383 387 389
1445000 390 382 386 388
1450000 390 383 387 388
1455000 391 383 387 388
1460000 391 381 388 388
1465000 391 381 388 388
1470000 392 382 387 388
1475000 392 382 387 388
1480000 392 382 387 387
1485000 392 383 388 387
1490000 393 383 388 387
1495000 392 383 387 389
1500000 391 383 387 389
1505000 391 382 387 389
1510000 391 381 387 389
1515000 392 382 387 389
1520000 392 381 387 389
1525000 392 383 387 389
1530000 391 383 387 389
1535000 391 382 388 389
1540000 391 383 386 388
1545000 391 383 387 389
1550000 392 384 388 389
1555000 392 383 387 389
1560000 392 383 387 390
1565000 392 384 387 390
1570000 391 383 387 390
1575000 391 383 386 388
1580000 391 383 386 388
1585000 391 383 387 389
1590000 391 383 386 389
1595000 391 383 387 388
1600000 391 383 387 389
1605000 390 383 388 389
1610000 391 383 387 389
1615000 391 384 388 389
1620000 391 384 387 389
1625000 390 385 387 388
1630000 391 385 387 388
1635000 389 384 386 388
1640000 389 385 387 387
1645000 389 385 387 388
1650000 389 385 387 388
1655000 388 384 387 388
1660000 387 384 387 388
1665000 388 385 387 388
1670000 387 384 388 387
1675000 386 382 388 387
1680000 386 382 388 387
1685000 387 382 388 388
1690000 387 382 387 388
1695000 387 382 387 388
1700000 387 383 387 388
1705000 388 383 387 388
1710000 387 383 387 388
1715000 387 383 387 388
1720000 387 384 388 387
1725000 387 385 387 387
1730000 387 385 387 388
1735000 387 385 388 387
1740000 387 383 388 387
1745000 387 384 388 387
1750000 388 385 388 387
1755000 387 385 388 387
1760000 388 384 389 386
1765000 386 383 389 387
1770000 386 383 389 387
1775000 388 384 389 388
1780000 388 385 388 388
1785000 388 386 389 388
1790000 388 385 388 387
1795000 388 384 389 387
1800000 388 384 388 387
1805000 388 384 388 387
1810000 387 385 387 387
1815000 387 385 387 387
1820000 387 384 387 387
1825000 387 384 387 387
1830000 387 386 388 387
1835000 387 386 388 387
1840000 388 386 388 387
1845000 388 386 387 387
1850000 388 385 388 387
1855000 388 385 388 386
1860000 388 383 388 387
1865000 389 384 388 387
1870000 389 381 388 387
1875000 388 381 388 387
1880000 389 381 388 387
1885000 390 382 388 387
1890000 391 382 388 387
1895000 391 382 388 387
1900000 391 383 388 387
1905000 391 384 388 386
1910000 391 384 388 386
1915000 390 381 387 386
1920000 390 383 387 387
1925000 389 384 387 387
1930000 390 384 388 387
1935000 388 385 388 387
1940000 389 384 388 387
1945000 388 384 388 387
1950000 387 384 388 387
1955000 387 384 388 387
1960000 388 384 388 387
1965000 388 384 388 387
1970000 388 384 388 387
1975000 389 384 388 387
1980000 389 384 388 387
1985000 388 384 388 387
1990000 387 384 388 387
1995000 388 384 388 387
2000000 388 384 388 387
